--// F3X Convert by gavinrgb27 \--

 local ReplicatedStorage = game:GetService("ReplicatedStorage") local player = game.Players.LocalPlayer local RequestCommand = ReplicatedStorage:WaitForChild("HDAdminHDClient").Signals.RequestCommandSilent local hrp = player.Character and player.Character:FindFirstChild("HumanoidRootPart") RequestCommand:InvokeServer(";btools me") task.wait(1.2) RequestCommand:InvokeServer(";punish all") task.wait(0.2) local backpack = player.Backpack local character = player.Character local function getF3X() for _, v in ipairs(backpack:GetChildren()) do if v:FindFirstChild("SyncAPI") then return v end end for _, v in ipairs(character:GetChildren()) do if v:FindFirstChild("SyncAPI") then return v end end return nil end local f3x = getF3X() if not f3x then warn("F3X / SyncAPI not found – please equip btools and try again") return end local syncapi = f3x.SyncAPI local endpoint = syncapi.ServerEndpoint task.wait(1) function music(id,pch,vol) RequestCommand:InvokeServer("/music "..id) RequestCommand:InvokeServer("/volume "..vol) RequestCommand:InvokeServer("/pitch "..pch) end function Sky(Id) if not hrp then return end local cf = hrp.CFrame + Vector3.new(0,6,0) local part = endpoint:InvokeServer("CreatePart","Ball",cf,workspace) task.wait() if part then endpoint:InvokeServer("SetName",{part},"Skybox") endpoint:InvokeServer("CreateMeshes",{{Part=part,MeshType="SpecialMesh"}}) endpoint:InvokeServer("SyncMesh",{{Part=part,MeshId="rbxassetid://111891702759441"}}) endpoint:InvokeServer("SyncMesh",{{Part=part,TextureId=Id}}) endpoint:InvokeServer("SyncMesh",{{Part=part,Scale=Vector3.new(7200,7200,7200)}}) endpoint:InvokeServer("SetLocked",{part},true) end end 

--// Load Script \--
----[NameTarget={LavaNova}>>]
--Total--[=={1328}==]--Part--

local P = {}
local partDefs = {}
local partData = {}
local doSyncMoveGroup = false
local Deleted = true

	
	if Deleted == true then	
	for _, v in ipairs(workspace:GetDescendants()) do	
	    if v:IsA("BasePart") or v:IsA("UnionOperation") or v:IsA("MeshPart") then	
	        task.spawn(function()	
	            pcall(function()	
	                endpoint:InvokeServer("Remove", {v})	
	            end)	
	        end)	
	    end	
	end	
	else	
	end	
	
	partDefs[1]={shape="Normal",cframe=CFrame.new(-1082.71923828125,1140.3050537109375,2201.98828125,-1.1920928955078125e-07,0,1.0000001192092896,0,1,0,-1.0000001192092896,0,-1.1920928955078125e-07)}
partData[1]={size=Vector3.new(29.399999618530273,1.2000000476837158,24),color=Color3.new(0.06666667014360428,0.06666667014360428,0.06666667014360428),name="Platform",trans=1,reflect=0,collide=false,anchored=true,material=Enum.Material.Plastic}
partDefs[2]={shape="Normal",cframe=CFrame.new(-1023.56005859375,1270.281005859375,2198.09521484375,0.49993896484375,-0.8660606145858765,-0.000011861324310302734,-0.000011861324310302734,-0.000020503997802734375,1,-0.8660606145858765,-0.49993896484375,-0.000020503997802734375)}
partData[2]={size=Vector3.new(29.399999618530273,1.2000000476837158,24),color=Color3.new(0.06666667014360428,0.06666667014360428,0.06666667014360428),name="Platform",trans=0,reflect=1,collide=false,anchored=true,material=Enum.Material.Plastic}
partDefs[3]={shape="Normal",cframe=CFrame.new(5289.4658203125,2882.84130859375,-5447.37548828125,-0.041265275329351425,0.9849230051040649,0.16800032556056976,0.0827217847108841,-0.16419847309589386,0.9829526543617249,0.9957181215286255,0.0544591024518013,-0.07469888031482697)}
partData[3]={size=Vector3.new(6,1.2000000476837158,6),color=Color3.new(0.06666667014360428,0.06666667014360428,0.06666667014360428),name="Platform",trans=0,reflect=1,collide=true,anchored=false,material=Enum.Material.Plastic}
partDefs[4]={shape="Truss",cframe=CFrame.new(5470.38134765625,2848.104736328125,-5489.1103515625,0.00004410743713378906,-0.00011852383613586426,-1,0.9456816911697388,-0.32509398460388184,0.00008022785186767578,-0.3250940144062042,-0.9456816911697388,0.00009775161743164062)}
partData[4]={size=Vector3.new(14,2,2),color=Color3.new(0.6392157077789307,0.6352941393852234,0.6470588445663452),name="Truss",trans=0,reflect=0,collide=true,anchored=true,material=Enum.Material.Plastic}
partDefs[5]={shape="Normal",cframe=CFrame.new(5473.380859375,2855.97998046875,-5478.60986328125,1,0,0,0,1,0,0,0,1)}
partData[5]={size=Vector3.new(1,2,3),color=Color3.new(0,0,1),name="Part",trans=0,reflect=0,collide=true,anchored=false,material=Enum.Material.Plastic}
partDefs[6]={shape="Normal",cframe=CFrame.new(5475.880859375,2855.97998046875,-5478.10986328125,1,0,0,0,0,1,0,-1,0)}
partData[6]={size=Vector3.new(4,2,2),color=Color3.new(0,0,1),name="Part",trans=0,reflect=0,collide=false,anchored=false,material=Enum.Material.Plastic}
partDefs[7]={shape="Ball",cframe=CFrame.new(5473.380859375,2854.47998046875,-5477.60986328125,1,0,0,0,1,0,0,0,1)}
partData[7]={size=Vector3.new(3,3,3),color=Color3.new(0.38823530077934265,0.37254902720451355,0.3843137323856354),name="Wheel",trans=1,reflect=0,collide=true,anchored=false,material=Enum.Material.Plastic}
partDefs[8]={shape="Normal",cframe=CFrame.new(5473.380859375,2855.97998046875,-5483.10986328125,1,0,0,0,1,0,0,0,1)}
partData[8]={size=Vector3.new(1,2,2),color=Color3.new(0,0,1),name="Part",trans=0,reflect=0,collide=true,anchored=false,material=Enum.Material.Plastic}
partDefs[9]={shape="Normal",cframe=CFrame.new(5475.880859375,2855.97998046875,-5482.60986328125,1,0,0,0,0,1,0,-1,0)}
partData[9]={size=Vector3.new(4,1,2),color=Color3.new(0,0,1),name="Part",trans=0,reflect=0,collide=false,anchored=false,material=Enum.Material.Plastic}
partDefs[10]={shape="Seat",cframe=CFrame.new(5475.880859375,2855.179931640625,-5480.10986328125,1,0,0,0,1,0,0,0,1)}
partData[10]={size=Vector3.new(2,0.4000000059604645,2),color=Color3.new(0.6392157077789307,0.6352941393852234,0.6470588445663452),name="Seat",trans=0,reflect=0,collide=true,anchored=false,material=Enum.Material.Plastic}
partDefs[11]={shape="Normal",cframe=CFrame.new(5478.380859375,2855.97998046875,-5478.60986328125,1,0,0,0,1,0,0,0,1)}
partData[11]={size=Vector3.new(1,2,3),color=Color3.new(0,0,1),name="Part",trans=0,reflect=0,collide=true,anchored=false,material=Enum.Material.Plastic}
partDefs[12]={shape="Normal",cframe=CFrame.new(5475.880859375,2854.47998046875,-5485.60986328125,1,0,0,0,1,0,0,0,1)}
partData[12]={size=Vector3.new(6,1,17),color=Color3.new(0.06666667014360428,0.06666667014360428,0.06666667014360428),name="Main",trans=0,reflect=0,collide=true,anchored=false,material=Enum.Material.Plastic}
partDefs[13]={shape="Normal",cframe=CFrame.new(5473.380859375,2855.97998046875,-5488.10986328125,1,0,0,0,1,0,0,0,1)}
partData[13]={size=Vector3.new(1,2,2),color=Color3.new(0,0,1),name="Part",trans=0,reflect=0,collide=true,anchored=false,material=Enum.Material.Plastic}
partDefs[14]={shape="Normal",cframe=CFrame.new(5478.380859375,2855.97998046875,-5483.10986328125,1,0,0,0,1,0,0,0,1)}
partData[14]={size=Vector3.new(1,2,2),color=Color3.new(0,0,1),name="Part",trans=0,reflect=0,collide=true,anchored=false,material=Enum.Material.Plastic}
partDefs[15]={shape="Seat",cframe=CFrame.new(5475.880859375,2855.18017578125,-5489.10986328125,1,0,0,0,1,0,0,0,1)}
partData[15]={size=Vector3.new(2,0.4000000059604645,2),color=Color3.new(0.6392157077789307,0.6352941393852234,0.6470588445663452),name="FrontSeat",trans=0,reflect=0,collide=true,anchored=true,material=Enum.Material.Plastic}
partDefs[16]={shape="Normal",cframe=CFrame.new(5478.380859375,2855.97998046875,-5488.10986328125,1,0,0,0,1,0,0,0,1)}
partData[16]={size=Vector3.new(1,2,2),color=Color3.new(0,0,1),name="Part",trans=0,reflect=0,collide=true,anchored=false,material=Enum.Material.Plastic}
partDefs[17]={shape="Seat",cframe=CFrame.new(5475.880859375,2855.179931640625,-5484.10986328125,1,0,0,0,1,0,0,0,1)}
partData[17]={size=Vector3.new(2,0.4000000059604645,2),color=Color3.new(0.6392157077789307,0.6352941393852234,0.6470588445663452),name="Seat",trans=0,reflect=0,collide=true,anchored=false,material=Enum.Material.Plastic}
partDefs[18]={shape="Normal",cframe=CFrame.new(5475.880859375,2855.97998046875,-5487.60986328125,1,0,0,0,1,0,0,0,1)}
partData[18]={size=Vector3.new(4,2,1),color=Color3.new(0,0,1),name="Part",trans=0,reflect=0,collide=false,anchored=false,material=Enum.Material.Plastic}
partDefs[19]={shape="Normal",cframe=CFrame.new(5475.880859375,2847.47998046875,-5485.60986328125,1,0,0,0,1,0,0,0,1)}
partData[19]={size=Vector3.new(6,11,17),color=Color3.new(0.05098039284348488,0.4117647111415863,0.6745098233222961),name="Weight",trans=1,reflect=0,collide=false,anchored=false,material=Enum.Material.Plastic}
partDefs[20]={shape="Normal",cframe=CFrame.new(5475.880859375,2853.47998046875,-5485.60986328125,1,0,0,0,1,0,0,0,1)}
partData[20]={size=Vector3.new(6,1,17),color=Color3.new(0.6392157077789307,0.6352941393852234,0.6470588445663452),name="Part",trans=0,reflect=0,collide=false,anchored=false,material=Enum.Material.Plastic}
partDefs[21]={shape="Ball",cframe=CFrame.new(5473.380859375,2854.47998046875,-5493.60986328125,1,0,0,0,1,0,0,0,1)}
partData[21]={size=Vector3.new(3,3,3),color=Color3.new(0.38823530077934265,0.37254902720451355,0.3843137323856354),name="Wheel",trans=1,reflect=0,collide=true,anchored=false,material=Enum.Material.Plastic}
partDefs[22]={shape="Ball",cframe=CFrame.new(5478.380859375,2854.47998046875,-5477.60986328125,1,0,0,0,1,0,0,0,1)}
partData[22]={size=Vector3.new(3,3,3),color=Color3.new(0.38823530077934265,0.37254902720451355,0.3843137323856354),name="Wheel",trans=1,reflect=0,collide=true,anchored=false,material=Enum.Material.Plastic}
partDefs[23]={shape="Ball",cframe=CFrame.new(5478.380859375,2854.47998046875,-5493.60986328125,1,0,0,0,1,0,0,0,1)}
partData[23]={size=Vector3.new(3,3,3),color=Color3.new(0.38823530077934265,0.37254902720451355,0.3843137323856354),name="Wheel",trans=1,reflect=0,collide=true,anchored=false,material=Enum.Material.Plastic}
partDefs[24]={shape="Normal",cframe=CFrame.new(5475.880859375,2855.97998046875,-5491.60986328125,1,0,0,0,1,0,0,0,1)}
partData[24]={size=Vector3.new(6,2,1),color=Color3.new(0.7058823704719543,0.8235294222831726,0.8941176533699036),name="Part",trans=0.5299999713897705,reflect=0,collide=true,anchored=false,material=Enum.Material.Plastic}
partDefs[25]={shape="Normal",cframe=CFrame.new(5475.880859375,2855.97998046875,-5493.10986328125,1,0,0,0,1,0,0,0,1)}
partData[25]={size=Vector3.new(6,2,2),color=Color3.new(0.7058823704719543,0.8235294222831726,0.8941176533699036),name="Part",trans=0.5299999713897705,reflect=0,collide=true,anchored=false,material=Enum.Material.Plastic}
partDefs[26]={shape="Normal",cframe=CFrame.new(3664.1318359375,2065.65185546875,-5245.68896484375,-1,0,0,0,-1,0,0,0,1)}
partData[26]={size=Vector3.new(10,5,10),color=Color3.new(1,0,0),name="B",trans=0.800000011920929,reflect=0,collide=true,anchored=true,material=Enum.Material.Plastic}
partDefs[27]={shape="Normal",cframe=CFrame.new(3663.9306640625,2055.6015625,-5245.68896484375,-1,0,0,0,-1,0,0,0,1)}
partData[27]={size=Vector3.new(10,5,10),color=Color3.new(1,0,0),name="A",trans=0.8999999761581421,reflect=0,collide=true,anchored=true,material=Enum.Material.Plastic}
partDefs[28]={shape="Normal",cframe=CFrame.new(3664.1318359375,2090.651611328125,-5245.68896484375,-1,0,0,0,-1,0,0,0,1)}
partData[28]={size=Vector3.new(10,5,10),color=Color3.new(1,0,0),name="G",trans=0.30000001192092896,reflect=0,collide=true,anchored=true,material=Enum.Material.Plastic}
partDefs[29]={shape="Normal",cframe=CFrame.new(3664.1318359375,2085.651611328125,-5245.68896484375,-1,0,0,0,-1,0,0,0,1)}
partData[29]={size=Vector3.new(10,5,10),color=Color3.new(1,0,0),name="F",trans=0.4000000059604645,reflect=0,collide=true,anchored=true,material=Enum.Material.Plastic}
partDefs[30]={shape="Normal",cframe=CFrame.new(3664.1318359375,2080.651611328125,-5245.68896484375,-1,0,0,0,-1,0,0,0,1)}
partData[30]={size=Vector3.new(10,5,10),color=Color3.new(1,0,0),name="E",trans=0.5,reflect=0,collide=true,anchored=true,material=Enum.Material.Plastic}
partDefs[31]={shape="Normal",cframe=CFrame.new(3664.1318359375,2075.65185546875,-5245.68896484375,-1,0,0,0,-1,0,0,0,1)}
partData[31]={size=Vector3.new(10,5,10),color=Color3.new(1,0,0),name="D",trans=0.6000000238418579,reflect=0,collide=true,anchored=true,material=Enum.Material.Plastic}
partDefs[32]={shape="Normal",cframe=CFrame.new(3664.1318359375,2070.65185546875,-5245.68896484375,-1,0,0,0,-1,0,0,0,1)}
partData[32]={size=Vector3.new(10,5,10),color=Color3.new(1,0,0),name="C",trans=0.699999988079071,reflect=0,collide=true,anchored=true,material=Enum.Material.Plastic}
partDefs[33]={shape="Normal",cframe=CFrame.new(3664.1318359375,2095.651611328125,-5245.68896484375,-1,0,0,0,-1,0,0,0,1)}
partData[33]={size=Vector3.new(10,5,10),color=Color3.new(1,0,0),name="H",trans=0.20000000298023224,reflect=0,collide=true,anchored=true,material=Enum.Material.Plastic}
partDefs[34]={shape="Normal",cframe=CFrame.new(3664.1318359375,2100.651611328125,-5245.68896484375,-1,0,0,0,-1,0,0,0,1)}
partData[34]={size=Vector3.new(10,5,10),color=Color3.new(1,0,0),name="I",trans=0.10000000149011612,reflect=0,collide=true,anchored=true,material=Enum.Material.Plastic}
partDefs[35]={shape="Normal",cframe=CFrame.new(3664.1318359375,2110.651611328125,-5245.68896484375,1,0,0,0,1,0,0,0,1)}
partData[35]={size=Vector3.new(10,5,10),color=Color3.new(1,0,0),name="I",trans=0.10000000149011612,reflect=0,collide=true,anchored=true,material=Enum.Material.Plastic}
partDefs[36]={shape="Normal",cframe=CFrame.new(3664.1318359375,2105.651611328125,-5245.68896484375,1,0,0,0,1,0,0,0,1)}
partData[36]={size=Vector3.new(10,5,10),color=Color3.new(1,0,0),name="J",trans=0,reflect=0,collide=true,anchored=true,material=Enum.Material.Plastic}
partDefs[37]={shape="Normal",cframe=CFrame.new(3664.1318359375,2115.6513671875,-5245.68896484375,1,0,0,0,1,0,0,0,1)}
partData[37]={size=Vector3.new(10,5,10),color=Color3.new(1,0,0),name="H",trans=0.20000000298023224,reflect=0,collide=true,anchored=true,material=Enum.Material.Plastic}
partDefs[38]={shape="Normal",cframe=CFrame.new(3664.1318359375,2120.6513671875,-5245.68896484375,1,0,0,0,1,0,0,0,1)}
partData[38]={size=Vector3.new(10,5,10),color=Color3.new(1,0,0),name="C",trans=0.30000001192092896,reflect=0,collide=true,anchored=true,material=Enum.Material.Plastic}
partDefs[39]={shape="Normal",cframe=CFrame.new(3664.1318359375,2125.6513671875,-5245.68896484375,1,0,0,0,1,0,0,0,1)}
partData[39]={size=Vector3.new(10,5,10),color=Color3.new(1,0,0),name="F",trans=0.4000000059604645,reflect=0,collide=true,anchored=true,material=Enum.Material.Plastic}
partDefs[40]={shape="Normal",cframe=CFrame.new(3664.1318359375,2130.6513671875,-5245.68896484375,1,0,0,0,1,0,0,0,1)}
partData[40]={size=Vector3.new(10,5,10),color=Color3.new(1,0,0),name="E",trans=0.5,reflect=0,collide=true,anchored=true,material=Enum.Material.Plastic}
partDefs[41]={shape="Normal",cframe=CFrame.new(3664.1318359375,2135.6513671875,-5245.68896484375,1,0,0,0,1,0,0,0,1)}
partData[41]={size=Vector3.new(10,5,10),color=Color3.new(1,0,0),name="D",trans=0.6000000238418579,reflect=0,collide=true,anchored=true,material=Enum.Material.Plastic}
partDefs[42]={shape="Normal",cframe=CFrame.new(3664.1318359375,2140.6513671875,-5245.68896484375,1,0,0,0,1,0,0,0,1)}
partData[42]={size=Vector3.new(10,5,10),color=Color3.new(1,0,0),name="C",trans=0.699999988079071,reflect=0,collide=true,anchored=true,material=Enum.Material.Plastic}
partDefs[43]={shape="Normal",cframe=CFrame.new(3664.1318359375,2145.6513671875,-5245.68896484375,1,0,0,0,1,0,0,0,1)}
partData[43]={size=Vector3.new(10,5,10),color=Color3.new(1,0,0),name="B",trans=0.800000011920929,reflect=0,collide=true,anchored=true,material=Enum.Material.Plastic}
partDefs[44]={shape="Normal",cframe=CFrame.new(3664.1318359375,2150.651123046875,-5245.68896484375,1,0,0,0,1,0,0,0,1)}
partData[44]={size=Vector3.new(10,5,10),color=Color3.new(1,0,0),name="A",trans=0.8999999761581421,reflect=0,collide=true,anchored=true,material=Enum.Material.Plastic}
partDefs[45]={shape="Normal",cframe=CFrame.new(1502.630615234375,2470.6669921875,-3922.8896484375,-0.6452873945236206,-0.12585487961769104,0.7535016536712646,0.00007764250040054321,0.9863255023956299,0.16480915248394012,-0.7639398574829102,0.1064077764749527,-0.6364536285400391)}
partData[45]={size=Vector3.new(63,19,4),color=Color3.new(0.6392157077789307,0.6352941393852234,0.6470588445663452),name="GravPull",trans=1,reflect=0,collide=false,anchored=true,material=Enum.Material.Plastic}
partDefs[46]={shape="Normal",cframe=CFrame.new(1328.9248046875,2201.411376953125,-4143.70751953125,-0.7144972085952759,-0.6560693383216858,0.24303707480430603,-0.6763227581977844,0.7366054058074951,0.00013846158981323242,-0.1791132688522339,-0.16427256166934967,-0.9700171947479248)}
partData[46]={size=Vector3.new(8.800000190734863,9.800000190734863,10.600000381469727),color=Color3.new(0.6392157077789307,0.6352941393852234,0.6470588445663452),name="Target",trans=1,reflect=0,collide=false,anchored=true,material=Enum.Material.Plastic}
partDefs[47]={shape="Normal",cframe=CFrame.new(-882.3447265625,1494.9483642578125,-550.06689453125,0.8212406635284424,-0.5475988984107971,-0.16030970215797424,-0.4550234377384186,-0.45901966094970703,-0.7630565762519836,0.34426364302635193,0.6995977759361267,-0.626136064529419)}
partData[47]={size=Vector3.new(71,30,40),color=Color3.new(0.38823530077934265,0.37254902720451355,0.3843137323856354),name="Side",trans=0,reflect=0,collide=true,anchored=true,material=Enum.Material.Ice}
partDefs[48]={shape="Normal",cframe=CFrame.new(-906.80078125,1494.6473388671875,-543.43994140625,-0.9829392433166504,-0.08999165892601013,0.16041499376296997,0.1813264787197113,-0.6204123497009277,0.7630269527435303,0.03085731714963913,0.779096245765686,0.6261446475982666)}
partData[48]={size=Vector3.new(75,25,40),color=Color3.new(1,0,0),name="Piece",trans=0,reflect=0,collide=true,anchored=true,material=Enum.Material.Ice}
partDefs[49]={shape="Normal",cframe=CFrame.new(-928.873046875,1228.3302001953125,-425.931640625,0.8773630261421204,-0.47851449251174927,-0.03546854108572006,0.4769279956817627,0.8777896761894226,-0.044999781996011734,0.05266696959733963,0.02256520465016365,0.9983571767807007)}
partData[49]={size=Vector3.new(71,30,40),color=Color3.new(0.38823530077934265,0.37254902720451355,0.3843137323856354),name="Side",trans=0,reflect=0,collide=true,anchored=true,material=Enum.Material.Ice}
partDefs[50]={shape="Normal",cframe=CFrame.new(-977.22705078125,1228.282470703125,-427.6484375,-0.8798192739486694,0.4739750921726227,0.035584550350904465,0.4752053916454315,0.8787218332290649,0.04503120481967926,-0.009925254620611668,0.05652927607297897,-0.9983519315719604)}
partData[50]={size=Vector3.new(71,30,40),color=Color3.new(0.38823530077934265,0.37254902720451355,0.3843137323856354),name="Side",trans=0,reflect=0,collide=true,anchored=true,material=Enum.Material.Ice}
partDefs[51]={shape="Normal",cframe=CFrame.new(-953.07861328125,1235.8504638671875,-426.45556640625,-0.9993661642074585,-0.0026117549277842045,0.03550927713513374,-0.0010122779058292508,0.9989870190620422,0.044987499713897705,-0.035590801388025284,0.04492302983999252,-0.9983564615249634)}
partData[51]={size=Vector3.new(75,25,40),color=Color3.new(1,0,0),name="Piece",trans=0,reflect=0,collide=true,anchored=true,material=Enum.Material.Ice}
partDefs[52]={shape="Normal",cframe=CFrame.new(-906.37646484375,1370.8167724609375,-586.5263671875,0.8890653252601624,-0.42244580388069153,-0.17635875940322876,-0.10458019375801086,0.18762952089309692,-0.9766566753387451,0.4456745982170105,0.8867552280426025,0.12263548374176025)}
partData[52]={size=Vector3.new(71,30,40),color=Color3.new(0.38823530077934265,0.37254902720451355,0.3843137323856354),name="Side",trans=0,reflect=0,collide=true,anchored=true,material=Enum.Material.Ice}
partDefs[53]={shape="Normal",cframe=CFrame.new(-951.77783203125,1240.6295166015625,-458.286376953125,-0.9982471466064453,0.03940393403172493,0.044165946543216705,0.04896926507353783,0.9689576029777527,0.24232859909534454,-0.0332462340593338,0.244066521525383,-0.9691888093948364)}
partData[53]={size=Vector3.new(75,25,40),color=Color3.new(1,0,0),name="Piece",trans=0,reflect=0,collide=true,anchored=true,material=Enum.Material.Ice}
partDefs[54]={shape="Normal",cframe=CFrame.new(-801.41943359375,1227.0665283203125,-427.10595703125,0.8791203498840332,-0.4765998125076294,0.00008367271948372945,0.4765998125076294,0.8791203498840332,0.000021221843780949712,-0.00008367271948372945,0.000021221843780949712,1)}
partData[54]={size=Vector3.new(71,30,40),color=Color3.new(0.38823530077934265,0.37254902720451355,0.3843137323856354),name="Side",trans=0,reflect=0,collide=true,anchored=true,material=Enum.Material.Ice}
partDefs[55]={shape="Normal",cframe=CFrame.new(-849.80615234375,1227.0634765625,-427.111572265625,-0.8791627883911133,0.47652149200439453,0,0.47652149200439453,0.8791627883911133,0,0,0,-1)}
partData[55]={size=Vector3.new(71,30,40),color=Color3.new(0.38823530077934265,0.37254902720451355,0.3843137323856354),name="Side",trans=0,reflect=0,collide=true,anchored=true,material=Enum.Material.Ice}
partDefs[56]={shape="Normal",cframe=CFrame.new(-825.61865234375,1234.6798095703125,-427.1103515625,-1,0,0,0,1,0,0,0,-1)}
partData[56]={size=Vector3.new(75,25,40),color=Color3.new(1,0,0),name="Main",trans=0,reflect=0,collide=true,anchored=true,material=Enum.Material.Ice}
partDefs[57]={shape="Normal",cframe=CFrame.new(-924.57666015625,1258.9683837890625,-520.539794921875,0.9243537187576294,-0.37187403440475464,-0.08532197028398514,0.25107187032699585,0.761255145072937,-0.5978741645812988,0.2872856855392456,0.531225323677063,0.7970361709594727)}
partData[57]={size=Vector3.new(71,30,40),color=Color3.new(0.38823530077934265,0.37254902720451355,0.3843137323856354),name="Side",trans=0,reflect=0,collide=true,anchored=true,material=Enum.Material.Ice}
partDefs[58]={shape="Normal",cframe=CFrame.new(-976.22705078125,1234.4930419921875,-460.94091796875,-0.8588330745697021,0.5103389620780945,0.044270798563957214,0.5048096776008606,0.8285012245178223,0.24238990247249603,0.08702258765697479,0.2305207997560501,-0.9691683053970337)}
partData[58]={size=Vector3.new(71,30,40),color=Color3.new(0.38823530077934265,0.37254902720451355,0.3843137323856354),name="Side",trans=0,reflect=0,collide=true,anchored=true,material=Enum.Material.Ice}
partDefs[59]={shape="Normal",cframe=CFrame.new(-801.06298828125,1231.4998779296875,-393.7724609375,0.8541696667671204,-0.5199943780899048,0.000013902783393859863,0.5096181631088257,0.8371305465698242,0.19875063002109528,-0.1033608540892601,-0.16975967586040497,0.9800500869750977)}
partData[59]={size=Vector3.new(71,30,40),color=Color3.new(0.38823530077934265,0.37254902720451355,0.3843137323856354),name="Side",trans=0,reflect=0,collide=true,anchored=true,material=Enum.Material.Ice}
partDefs[60]={shape="Normal",cframe=CFrame.new(-849.39794921875,1229.1290283203125,-393.2841796875,-0.9018846750259399,0.4319767951965332,0.000050146132707595825,0.4233529567718506,0.883902907371521,-0.19871564209461212,-0.08588486909866333,-0.17919738590717316,-0.9800572395324707)}
partData[60]={size=Vector3.new(71,30,40),color=Color3.new(0.38823530077934265,0.37254902720451355,0.3843137323856354),name="Side",trans=0,reflect=0,collide=true,anchored=true,material=Enum.Material.Ice}
partDefs[61]={shape="Normal",cframe=CFrame.new(-825.60595703125,1237.7076416015625,-395.03271484375,-0.9987473487854004,-0.05004313215613365,-0.000009876210242509842,-0.049043919891119,0.978844165802002,-0.19864225387573242,0.009950345382094383,-0.1983928680419922,-0.9800723791122437)}
partData[61]={size=Vector3.new(75,25,40),color=Color3.new(1,0,0),name="Piece",trans=0,reflect=0,collide=true,anchored=true,material=Enum.Material.Ice}
partDefs[62]={shape="Normal",cframe=CFrame.new(-912.2236328125,1468.2520751953125,-561.111328125,-0.982933521270752,-0.05641544237732887,0.17509785294532776,0.18136626482009888,-0.4565075635910034,0.8710380792617798,0.030793488025665283,0.8879292011260986,0.4589482545852661)}
partData[62]={size=Vector3.new(75,25,40),color=Color3.new(1,0,0),name="Piece",trans=0,reflect=0,collide=true,anchored=true,material=Enum.Material.Ice}
partDefs[63]={shape="Normal",cframe=CFrame.new(-927.92724609375,1232.1246337890625,-459.33056640625,0.8963290452957153,-0.4411780536174774,-0.0442291684448719,0.4188025891780853,0.8751589059829712,-0.2422834187746048,0.1455976814031601,0.19864235818386078,0.9691968560218811)}
partData[63]={size=Vector3.new(71,30,40),color=Color3.new(0.38823530077934265,0.37254902720451355,0.3843137323856354),name="Side",trans=0,reflect=0,collide=true,anchored=true,material=Enum.Material.Ice}
partDefs[64]={shape="Normal",cframe=CFrame.new(-800.93701171875,1242.4815673828125,-361.983642578125,0.8276930451393127,-0.5610941648483276,-0.009879156947135925,0.5200533866882324,0.7602990865707397,0.38921698927879333,-0.2108762562274933,-0.3272899091243744,0.9210931062698364)}
partData[64]={size=Vector3.new(71,30,40),color=Color3.new(0.38823530077934265,0.37254902720451355,0.3843137323856354),name="Side",trans=0,reflect=0,collide=true,anchored=true,material=Enum.Material.Ice}
partDefs[65]={shape="Normal",cframe=CFrame.new(-849.09326171875,1237.8868408203125,-360.56787109375,-0.9218802452087402,0.38734763860702515,0.009984038770198822,0.3532441258430481,0.8507448434829712,-0.3891681432723999,-0.15923717617988586,-0.3552393913269043,-0.921113133430481)}
partData[65]={size=Vector3.new(71,30,40),color=Color3.new(0.38823530077934265,0.37254902720451355,0.3843137323856354),name="Side",trans=0,reflect=0,collide=true,anchored=true,material=Enum.Material.Ice}
partDefs[66]={shape="Normal",cframe=CFrame.new(-825.7724609375,1247.1060791015625,-364.205810546875,-0.9950484037399292,-0.09890322387218475,0.009856417775154114,-0.0949271023273468,0.916261613368988,-0.3891702890396118,0.029459133744239807,-0.38817882537841797,-0.9211132526397705)}
partData[66]={size=Vector3.new(75,25,40),color=Color3.new(1,0,0),name="Piece",trans=0,reflect=0,collide=true,anchored=true,material=Enum.Material.Ice}
partDefs[67]={shape="Normal",cframe=CFrame.new(-923.94091796875,1407.761474609375,-578.8837890625,-0.9829342365264893,0.016160808503627777,0.18324610590934753,0.18137377500534058,-0.08122360706329346,0.9800542593002319,0.03072236478328705,0.9965648651123047,0.07690626382827759)}
partData[67]={size=Vector3.new(75,25,40),color=Color3.new(1,0,0),name="Piece",trans=0,reflect=0,collide=true,anchored=true,material=Enum.Material.Ice}
partDefs[68]={shape="Normal",cframe=CFrame.new(-944.40380859375,1290.1444091796875,-539.494140625,-0.9829443693161011,0.1426643282175064,0.11604876816272736,0.18132157623767853,0.6464561223983765,0.7410917282104492,0.03070690855383873,0.7494940757751465,-0.6612985134124756)}
partData[68]={size=Vector3.new(75,25,40),color=Color3.new(1,0,0),name="Piece",trans=0,reflect=0,collide=true,anchored=true,material=Enum.Material.Ice}
partDefs[69]={shape="Normal",cframe=CFrame.new(-801.35888671875,1259.5526123046875,-333.009033203125,0.8006373047828674,-0.5984274744987488,-0.029401808977127075,0.5077574849128723,0.6516434550285339,0.5635095834732056,-0.31806015968322754,-0.46609577536582947,0.8255860805511475)}
partData[69]={size=Vector3.new(71,30,40),color=Color3.new(0.38823530077934265,0.37254902720451355,0.3843137323856354),name="Side",trans=0,reflect=0,collide=true,anchored=true,material=Enum.Material.Ice}
partDefs[70]={shape="Normal",cframe=CFrame.new(-849.22216796875,1252.9796142578125,-330.2216796875,-0.9384106397628784,0.3442738354206085,0.029343269765377045,0.26896485686302185,0.7811580896377563,-0.5634270310401917,-0.21689489483833313,-0.5208335518836975,-0.8256446123123169)}
partData[70]={size=Vector3.new(71,30,40),color=Color3.new(0.38823530077934265,0.37254902720451355,0.3843137323856354),name="Side",trans=0,reflect=0,collide=true,anchored=true,material=Enum.Material.Ice}
partDefs[71]={shape="Normal",cframe=CFrame.new(-826.38037109375,1262.4228515625,-335.858154296875,-0.9890601634979248,-0.14455628395080566,0.02938300371170044,-0.1358419954776764,0.8149089217185974,-0.5634450912475586,0.057505056262016296,-0.5612726211547852,-0.825630784034729)}
partData[71]={size=Vector3.new(75,25,40),color=Color3.new(1,0,0),name="Piece",trans=0,reflect=0,collide=true,anchored=true,material=Enum.Material.Ice}
partDefs[72]={shape="Normal",cframe=CFrame.new(-947.84033203125,1412.7625732421875,-585.674560546875,-0.8563940525054932,0.48269397020339966,0.18329307436943054,0.12083190679550171,-0.1577761173248291,0.9800544381141663,0.5019855499267578,0.8614601492881775,0.07679331302642822)}
partData[72]={size=Vector3.new(71,30,40),color=Color3.new(0.38823530077934265,0.37254902720451355,0.3843137323856354),name="Side",trans=0,reflect=0,collide=true,anchored=true,material=Enum.Material.Ice}
partDefs[73]={shape="Normal",cframe=CFrame.new(-929.90771484375,1503.72216796875,-548.57958984375,-0.9071372747421265,0.38904768228530884,0.16044893860816956,-0.13601677119731903,-0.631847620010376,0.7630649209022522,0.39824792742729187,0.6703808903694153,0.6260894536972046)}
partData[73]={size=Vector3.new(71,30,40),color=Color3.new(0.38823530077934265,0.37254902720451355,0.3843137323856354),name="Side",trans=0,reflect=0,collide=true,anchored=true,material=Enum.Material.Ice}
partDefs[74]={shape="Normal",cframe=CFrame.new(-802.64599609375,1282.001708984375,-307.99853515625,0.7742725610733032,-0.6302337646484375,-0.05751033127307892,0.4730433225631714,0.5159903168678284,0.7141316533088684,-0.4203950762748718,-0.5801374316215515,0.6976450085639954)}
partData[74]={size=Vector3.new(71,30,40),color=Color3.new(0.38823530077934265,0.37254902720451355,0.3843137323856354),name="Side",trans=0,reflect=0,collide=true,anchored=true,material=Enum.Material.Ice}
partDefs[75]={shape="Normal",cframe=CFrame.new(-850.12158203125,1273.773193359375,-303.49072265625,-0.9506567716598511,0.3048659861087799,0.05751955509185791,0.17420515418052673,0.6779612302780151,-0.7141577005386353,-0.25671839714050293,-0.6688985824584961,-0.697617769241333)}
partData[75]={size=Vector3.new(71,30,40),color=Color3.new(0.38823530077934265,0.37254902720451355,0.3843137323856354),name="Side",trans=0,reflect=0,collide=true,anchored=true,material=Enum.Material.Ice}
partDefs[76]={shape="Normal",cframe=CFrame.new(-827.77734375,1283.0186767578125,-311.104736328125,-0.9810335636138916,-0.18510276079177856,0.057534001767635345,-0.17000344395637512,0.6790342926979065,-0.7141507267951965,0.09312371164560318,-0.7103868126869202,-0.6976234912872314)}
partData[76]={size=Vector3.new(75,25,40),color=Color3.new(1,0,0),name="Piece",trans=0,reflect=0,collide=true,anchored=true,material=Enum.Material.Ice}
partDefs[77]={shape="Normal",cframe=CFrame.new(-953.94970703125,1379.5909423828125,-585.0263671875,-0.8392086029052734,0.5143789052963257,0.17647625505924225,0.2143741399049759,0.01467883586883545,0.9766414761543274,0.49977320432662964,0.8574375510215759,-0.1225883960723877)}
partData[77]={size=Vector3.new(71,30,40),color=Color3.new(0.38823530077934265,0.37254902720451355,0.3843137323856354),name="Side",trans=0,reflect=0,collide=true,anchored=true,material=Enum.Material.Ice}
partDefs[78]={shape="Normal",cframe=CFrame.new(-940.201171875,1316.060791015625,-558.176025390625,-0.9829378128051758,0.1168520450592041,0.14205211400985718,0.18133991956710815,0.48627597093582153,0.8547816276550293,0.030806444585323334,0.8659569025039673,-0.4991689920425415)}
partData[78]={size=Vector3.new(75,25,40),color=Color3.new(1,0,0),name="Piece",trans=0,reflect=0,collide=true,anchored=true,material=Enum.Material.Ice}
partDefs[79]={shape="Normal",cframe=CFrame.new(-805.169921875,1308.180908203125,-286.8740234375,0.7814584374427795,-0.616970419883728,-0.09311383962631226,0.39897143840789795,0.37934839725494385,0.834815263748169,-0.47973376512527466,-0.6895232200622559,0.5425986051559448)}
partData[79]={size=Vector3.new(71,30,40),color=Color3.new(0.38823530077934265,0.37254902720451355,0.3843137323856354),name="Side",trans=0,reflect=0,collide=true,anchored=true,material=Enum.Material.Ice}
partDefs[80]={shape="Normal",cframe=CFrame.new(-852.64453125,1299.95458984375,-282.3671875,-0.9434565305709839,0.31814655661582947,0.09312573075294495,0.10014756768941879,0.541346549987793,-0.8348139524459839,-0.31600648164749146,-0.7782844305038452,-0.5425986051559448)}
partData[80]={size=Vector3.new(71,30,40),color=Color3.new(0.38823530077934265,0.37254902720451355,0.3843137323856354),name="Side",trans=0,reflect=0,collide=true,anchored=true,material=Enum.Material.Ice}
partDefs[81]={shape="Normal",cframe=CFrame.new(-830.193359375,1308.0244140625,-290.9326171875,-0.9810378551483154,-0.16997577250003815,0.09313051402568817,-0.16997577250003815,0.5236413478851318,-0.834810197353363,0.09313051402568817,-0.834810197353363,-0.5426037311553955)}
partData[81]={size=Vector3.new(75,25,40),color=Color3.new(1,0,0),name="Piece",trans=0,reflect=0,collide=true,anchored=true,material=Enum.Material.Ice}
partDefs[82]={shape="Normal",cframe=CFrame.new(-921.68994140625,1280.8709716796875,-545.896240234375,0.9321503639221191,-0.34297263622283936,-0.11604077368974686,0.148647278547287,0.6547417640686035,-0.7410919070243835,0.3301509916782379,0.6735599637031555,0.6612997055053711)}
partData[82]={size=Vector3.new(71,30,40),color=Color3.new(0.38823530077934265,0.37254902720451355,0.3843137323856354),name="Side",trans=0,reflect=0,collide=true,anchored=true,material=Enum.Material.Ice}
partDefs[83]={shape="Normal",cframe=CFrame.new(-964.873046875,1316.7735595703125,-563.983642578125,-0.8085005283355713,0.5711000561714172,0.14202672243118286,0.39111316204071045,0.34111690521240234,0.8547921776771545,0.4397241473197937,0.7466484904289246,-0.4991579055786133)}
partData[83]={size=Vector3.new(71,30,40),color=Color3.new(0.38823530077934265,0.37254902720451355,0.3843137323856354),name="Side",trans=0,reflect=0,collide=true,anchored=true,material=Enum.Material.Ice}
partDefs[84]={shape="Normal",cframe=CFrame.new(-808.8427734375,1337.9227294921875,-271.36474609375,0.7918924689292908,-0.5977407693862915,-0.12494921684265137,0.3149245083332062,0.22444260120391846,0.9221974015235901,-0.5231910347938538,-0.7696307301521301,0.36597758531570435)}
partData[84]={size=Vector3.new(71,30,40),color=Color3.new(0.38823530077934265,0.37254902720451355,0.3843137323856354),name="Side",trans=0,reflect=0,collide=true,anchored=true,material=Enum.Material.Ice}
partDefs[85]={shape="Normal",cframe=CFrame.new(-856.3193359375,1329.698486328125,-266.85693359375,-0.933002233505249,0.3374182879924774,0.12512582540512085,0.016087114810943604,0.38645321130752563,-0.9221688508987427,-0.3595118522644043,-0.8583723306655884,-0.3659900426864624)}
partData[85]={size=Vector3.new(71,30,40),color=Color3.new(0.38823530077934265,0.37254902720451355,0.3843137323856354),name="Side",trans=0,reflect=0,collide=true,anchored=true,material=Enum.Material.Ice}
partDefs[86]={shape="Normal",cframe=CFrame.new(-833.70166015625,1336.4339599609375,-276.1015625,-0.9810323715209961,-0.14807002246379852,0.1251070648431778,-0.17003493010997772,0.34739887714385986,-0.9221726655960083,0.09308402985334396,-0.9259533882141113,-0.3659869432449341)}
partData[86]={size=Vector3.new(75,25,40),color=Color3.new(1,0,0),name="Piece",trans=0,reflect=0,collide=true,anchored=true,material=Enum.Material.Ice}
partDefs[87]={shape="Normal",cframe=CFrame.new(-918.01025390625,1438.9014892578125,-573.095703125,-0.9829285144805908,-0.020477890968322754,0.18284478783607483,0.18138660490512848,-0.2743748426437378,0.9443607926368713,0.030829481780529022,0.9614047408103943,0.2734052538871765)}
partData[87]={size=Vector3.new(75,25,40),color=Color3.new(1,0,0),name="Piece",trans=0,reflect=0,collide=true,anchored=true,material=Enum.Material.Ice}
partDefs[88]={shape="Normal",cframe=CFrame.new(-917.30908203125,1307.998779296875,-565.4697265625,0.9198326468467712,-0.365689754486084,-0.14205236732959747,0.07235391438007355,0.51401287317276,-0.8547255396842957,0.3855811357498169,0.775926411151886,0.4992648959159851)}
partData[88]={size=Vector3.new(71,30,40),color=Color3.new(0.38823530077934265,0.37254902720451355,0.3843137323856354),name="Side",trans=0,reflect=0,collide=true,anchored=true,material=Enum.Material.Ice}
partDefs[89]={shape="Normal",cframe=CFrame.new(-813.51953125,1370.017822265625,-262.07861328125,0.8051420450210571,-0.5732932090759277,-0.15192493796348572,0.22433851659297943,0.05726140737533569,0.9728275537490845,-0.549015998840332,-0.8173469305038452,0.1747153401374817)}
partData[89]={size=Vector3.new(71,30,40),color=Color3.new(0.38823530077934265,0.37254902720451355,0.3843137323856354),name="Side",trans=0,reflect=0,collide=true,anchored=true,material=Enum.Material.Ice}
partDefs[90]={shape="Normal",cframe=CFrame.new(-860.99462890625,1361.7918701171875,-257.571533203125,-0.9197781085968018,0.36180269718170166,0.15201082825660706,-0.07450011372566223,0.21932673454284668,-0.972802996635437,-0.38530275225639343,-0.9060876369476318,-0.17477762699127197)}
partData[90]={size=Vector3.new(71,30,40),color=Color3.new(0.38823530077934265,0.37254902720451355,0.3843137323856354),name="Side",trans=0,reflect=0,collide=true,anchored=true,material=Enum.Material.Ice}
partDefs[91]={shape="Normal",cframe=CFrame.new(-838.16845703125,1367.092041015625,-267.232666015625,-0.9810357093811035,-0.1202424168586731,0.15202336013317108,-0.17001667618751526,0.1571856141090393,-0.9728242754936218,0.0930788442492485,-0.980221688747406,-0.17464804649353027)}
partData[91]={size=Vector3.new(75,25,40),color=Color3.new(1,0,0),name="Piece",trans=0,reflect=0,collide=true,anchored=true,material=Enum.Material.Ice}
partDefs[92]={shape="Normal",cframe=CFrame.new(-901.798828125,1517.0015869140625,-520.764892578125,-0.986196756362915,-0.0719151422381401,0.14914515614509583,0.15018579363822937,-0.7677733898162842,0.6228710412979126,0.06971580535173416,0.636672854423523,0.7679761648178101)}
partData[92]={size=Vector3.new(75,25,40),color=Color3.new(1,0,0),name="Piece",trans=0,reflect=0,collide=true,anchored=true,material=Enum.Material.Ice}
partDefs[93]={shape="Normal",cframe=CFrame.new(-941.63330078125,1445.361572265625,-579.61181640625,-0.8738932609558105,0.45041102170944214,0.1828681081533432,0.028752580285072327,-0.3276301622390747,0.9443685412406921,0.4852670431137085,0.8305351138114929,0.2733631730079651)}
partData[93]={size=Vector3.new(71,30,40),color=Color3.new(0.38823530077934265,0.37254902720451355,0.3843137323856354),name="Side",trans=0,reflect=0,collide=true,anchored=true,material=Enum.Material.Ice}
partDefs[94]={shape="Normal",cframe=CFrame.new(-819.02685546875,1403.1927490234375,-259.38671875,0.820643424987793,-0.5446679592132568,-0.1728619784116745,0.13080069422721863,-0.11542940139770508,0.9846662282943726,-0.5562693476676941,-0.8306703567504883,-0.0234835147857666)}
partData[94]={size=Vector3.new(71,30,40),color=Color3.new(0.38823530077934265,0.37254902720451355,0.3843137323856354),name="Side",trans=0,reflect=0,collide=true,anchored=true,material=Enum.Material.Ice}
partDefs[95]={shape="Normal",cframe=CFrame.new(-866.50146484375,1394.9669189453125,-254.87841796875,-0.9042465686798096,0.3904477655887604,0.17288507521152496,-0.16814813017845154,0.04657667875289917,-0.9846609234809875,-0.3925110697746277,-0.9194462895393372,0.023535966873168945)}
partData[95]={size=Vector3.new(71,30,40),color=Color3.new(0.38823530077934265,0.37254902720451355,0.3843137323856354),name="Side",trans=0,reflect=0,collide=true,anchored=true,material=Enum.Material.Ice}
partDefs[96]={shape="Normal",cframe=CFrame.new(-843.41845703125,1398.7838134765625,-264.6513671875,-0.9810242652893066,-0.08772925287485123,0.17290347814559937,-0.1700403392314911,-0.039179205894470215,-0.9846581220626831,0.09315750002861023,-0.9953737258911133,0.023517966270446777)}
partData[96]={size=Vector3.new(75,25,40),color=Color3.new(1,0,0),name="Piece",trans=0,reflect=0,collide=true,anchored=true,material=Enum.Material.Ice}
