--// F3X Convert by gavinrgb27 \--

 local ReplicatedStorage = game:GetService("ReplicatedStorage") local player = game.Players.LocalPlayer local RequestCommand = ReplicatedStorage:WaitForChild("HDAdminHDClient").Signals.RequestCommandSilent local hrp = player.Character and player.Character:FindFirstChild("HumanoidRootPart") RequestCommand:InvokeServer(";btools me") task.wait(1.2) RequestCommand:InvokeServer(";punish all") task.wait(0.2) local backpack = player.Backpack local character = player.Character local function getF3X() for _, v in ipairs(backpack:GetChildren()) do if v:FindFirstChild("SyncAPI") then return v end end for _, v in ipairs(character:GetChildren()) do if v:FindFirstChild("SyncAPI") then return v end end return nil end local f3x = getF3X() if not f3x then warn("F3X / SyncAPI not found – please equip btools and try again") return end local syncapi = f3x.SyncAPI local endpoint = syncapi.ServerEndpoint task.wait(1) function music(id,pch,vol) RequestCommand:InvokeServer("/music "..id) RequestCommand:InvokeServer("/volume "..vol) RequestCommand:InvokeServer("/pitch "..pch) end function Sky(Id) if not hrp then return end local cf = hrp.CFrame + Vector3.new(0,6,0) local part = endpoint:InvokeServer("CreatePart","Ball",cf,workspace) task.wait() if part then endpoint:InvokeServer("SetName",{part},"Skybox") endpoint:InvokeServer("CreateMeshes",{{Part=part,MeshType="SpecialMesh"}}) endpoint:InvokeServer("SyncMesh",{{Part=part,MeshId="rbxassetid://111891702759441"}}) endpoint:InvokeServer("SyncMesh",{{Part=part,TextureId=Id}}) endpoint:InvokeServer("SyncMesh",{{Part=part,Scale=Vector3.new(7200,7200,7200)}}) endpoint:InvokeServer("SetLocked",{part},true) end end 

--// Load Script \--
----[NameTarget={FullCode}>>]
--Total--[=={1046}==]--Part--

local P = {}
local partDefs = {}
local partData = {}
local doSyncMoveGroup = false
local Deleted = true

	
	if Deleted == true then	
	for _, v in ipairs(workspace:GetDescendants()) do	
	    if v:IsA("BasePart") or v:IsA("UnionOperation") or v:IsA("MeshPart") then	
	        task.spawn(function()	
	            pcall(function()	
	                endpoint:InvokeServer("Remove", {v})	
	            end)	
	        end)	
	    end	
	end	
	else	
	end	
	
	partDefs[1]={shape="Normal",cframe=CFrame.new(104.94654846191406,1.2035694122314453,-31.318660736083984,0.00016051530838012695,-0.866040050983429,-0.4999745488166809,-0.9999999403953552,-0.00003409385681152344,-0.0002619028091430664,0.00020976364612579346,0.4999745488166809,-0.8660399913787842)}
partData[1]={size=Vector3.new(0.4000000059604645,0.30000001192092896,0.30000001192092896),color=Color3.new(0.33725491166114807,0.25882354378700256,0.21176470816135406),name="Foot",trans=0,reflect=0,collide=true,anchored=true,material=Enum.Material.Wood}
partDefs[2]={shape="Normal",cframe=CFrame.new(110.39031982421875,4.8050537109375,-28.689212799072266,-0.8660399913787842,-0.4999745190143585,0.00017555058002471924,-0.000060230493545532227,-0.0002467632293701172,-0.9999999403953552,0.4999745488166809,-0.866040050983429,0.00018364191055297852)}
partData[2]={size=Vector3.new(0.4000000059604645,9.600000381469727,0.3999998867511749),color=Color3.new(0.5882353186607361,0.3333333432674408,0.3333333432674408),name="Part",trans=0,reflect=0,collide=true,anchored=true,material=Enum.Material.Sand}
partDefs[3]={shape="Normal",cframe=CFrame.new(107.71778869628906,1.2037677764892578,-32.91863250732422,0.00016051530838012695,-0.866040050983429,-0.4999745488166809,-0.9999999403953552,-0.00003409385681152344,-0.0002619028091430664,0.00020976364612579346,0.4999745488166809,-0.8660399913787842)}
partData[3]={size=Vector3.new(0.4000000059604645,0.30000001192092896,0.30000001192092896),color=Color3.new(0.33725491166114807,0.25882354378700256,0.21176470816135406),name="Foot",trans=0,reflect=0,collide=true,anchored=true,material=Enum.Material.Wood}
partDefs[4]={shape="Normal",cframe=CFrame.new(108.57230377197266,1.6048927307128906,-27.638614654541016,-0.8660072088241577,-0.0002337903861189261,-0.5000314116477966,-0.00009973063424695283,0.9999999403953552,-0.0002948273322544992,0.5000314116477966,-0.00020545416919048876,-0.8660072088241577)}
partData[4]={size=Vector3.new(3.4000000953674316,0.4000000059604645,9.600000381469727),color=Color3.new(0.5882353186607361,0.3333333432674408,0.3333333432674408),name="Part4",trans=0,reflect=0,collide=true,anchored=true,material=Enum.Material.Sand}
partDefs[5]={shape="Normal",cframe=CFrame.new(109.69776916503906,3.405071258544922,-28.288925170898438,-0.49995946884155273,-0.00018110538076143712,0.8660488128662109,-0.00026743090711534023,0.9999999403953552,0.00005473221972351894,-0.8660488128662109,-0.0002042443084064871,-0.49995946884155273)}
partData[5]={size=Vector3.new(9.600027084350586,3.200000762939453,0.7999940514564514),color=Color3.new(0.5882353186607361,0.3333333432674408,0.3333333432674408),name="Union",trans=0,reflect=0,collide=true,anchored=true,material=Enum.Material.Sand}
partDefs[6]={shape="Normal",cframe=CFrame.new(110.30411529541016,3.105031967163086,-28.63885498046875,-0.8660072088241577,-0.0002337903861189261,-0.5000314116477966,-0.00009973063424695283,0.9999999403953552,-0.0002948273322544992,0.5000314116477966,-0.00020545416919048876,-0.8660072088241577)}
partData[6]={size=Vector3.new(0.5999998450279236,3.4000000953674316,9.600000381469727),color=Color3.new(0.5882353186607361,0.3333333432674408,0.3333333432674408),name="Part2",trans=0,reflect=0,collide=true,anchored=true,material=Enum.Material.Sand}
partDefs[7]={shape="Seat",cframe=CFrame.new(108.5721435546875,2.1048927307128906,-27.63861846923828,-0.49995946884155273,-0.00018110538076143712,0.8660488128662109,-0.00026743090711534023,0.9999999403953552,0.00005473221972351894,-0.8660488128662109,-0.0002042443084064871,-0.49995946884155273)}
partData[7]={size=Vector3.new(2.4000000953674316,0.6000000238418579,1.7999999523162842),color=Color3.new(0.10588235408067703,0.16470588743686676,0.2078431397676468),name="Seat2",trans=1,reflect=0,collide=true,anchored=true,material=Enum.Material.Plastic}
partDefs[8]={shape="Seat",cframe=CFrame.new(110.37213134765625,2.105772018432617,-24.521018981933594,-0.49995946884155273,-0.00018110538076143712,0.8660488128662109,-0.00026743090711534023,0.9999999403953552,0.00005473221972351894,-0.8660488128662109,-0.0002042443084064871,-0.49995946884155273)}
partData[8]={size=Vector3.new(2.4000000953674316,0.6000000238418579,1.7999999523162842),color=Color3.new(0.10588235408067703,0.16470588743686676,0.2078431397676468),name="Seat3",trans=1,reflect=0,collide=true,anchored=true,material=Enum.Material.Plastic}
partDefs[9]={shape="Normal",cframe=CFrame.new(110.21720123291016,4.205057144165039,-28.589153289794922,-0.8660072088241577,-0.0002337903861189261,-0.5000314116477966,-0.00009973063424695283,0.9999999403953552,-0.0002948273322544992,0.5000314116477966,-0.00020545416919048876,-0.8660072088241577)}
partData[9]={size=Vector3.new(0.3999999165534973,1.600000023841858,9.600000381469727),color=Color3.new(0.5882353186607361,0.3333333432674408,0.3333333432674408),name="Part3",trans=0,reflect=0,collide=true,anchored=true,material=Enum.Material.Sand}
partDefs[10]={shape="Seat",cframe=CFrame.new(106.77210235595703,2.103954315185547,-30.75629425048828,-0.49995946884155273,-0.00018110538076143712,0.8660488128662109,-0.00026743090711534023,0.9999999403953552,0.00005473221972351894,-0.8660488128662109,-0.0002042443084064871,-0.49995946884155273)}
partData[10]={size=Vector3.new(2.4000000953674316,0.6000000238418579,1.7999999523162842),color=Color3.new(0.10588235408067703,0.16470588743686676,0.2078431397676468),name="Seat",trans=1,reflect=0,collide=true,anchored=true,material=Enum.Material.Plastic}
partDefs[11]={shape="Normal",cframe=CFrame.new(111.38179779052734,3.2062206268310547,-23.372217178344727,-0.8660072088241577,-0.0002337903861189261,-0.5000314116477966,-0.00009973063424695283,0.9999999403953552,-0.0002948273322544992,0.5000314116477966,-0.00020545416919048876,-0.8660072088241577)}
partData[11]={size=Vector3.new(4.000001907348633,3.59999942779541,0.60006183385849),color=Color3.new(0.5882353186607361,0.3333333432674408,0.3333333432674408),name="Union",trans=0,reflect=0,collide=true,anchored=true,material=Enum.Material.Sand}
partDefs[12]={shape="Normal",cframe=CFrame.new(106.28174591064453,3.2036399841308594,-32.20569610595703,-0.8660072088241577,-0.0002337903861189261,-0.5000314116477966,-0.00009973063424695283,0.9999999403953552,-0.0002948273322544992,0.5000314116477966,-0.00020545416919048876,-0.8660072088241577)}
partData[12]={size=Vector3.new(4.000001907348633,3.59999942779541,0.60006183385849),color=Color3.new(0.5882353186607361,0.3333333432674408,0.3333333432674408),name="Union",trans=0,reflect=0,collide=true,anchored=true,material=Enum.Material.Sand}
partDefs[13]={shape="Normal",cframe=CFrame.new(108.39892578125,2.1048736572265625,-27.538673400878906,-0.8660072088241577,-0.0002337903861189261,-0.5000314116477966,-0.00009973063424695283,0.9999999403953552,-0.0002948273322544992,0.5000314116477966,-0.00020545416919048876,-0.8660072088241577)}
partData[13]={size=Vector3.new(3.0000014305114746,0.6000020503997803,9.600000381469727),color=Color3.new(0.5882353186607361,0.3333333432674408,0.3333333432674408),name="Union",trans=0,reflect=0,collide=true,anchored=true,material=Enum.Material.Sand}
partDefs[14]={shape="Normal",cframe=CFrame.new(112.7177734375,1.2062873840332031,-24.25840187072754,0.00016051530838012695,-0.866040050983429,-0.4999745488166809,-0.9999999403953552,-0.00003409385681152344,-0.0002619028091430664,0.00020976364612579346,0.4999745488166809,-0.8660399913787842)}
partData[14]={size=Vector3.new(0.4000000059604645,0.30000001192092896,0.30000001192092896),color=Color3.new(0.33725491166114807,0.25882354378700256,0.21176470816135406),name="Foot",trans=0,reflect=0,collide=true,anchored=true,material=Enum.Material.Wood}
partDefs[15]={shape="Normal",cframe=CFrame.new(109.946533203125,1.2061519622802734,-22.65843391418457,0.00016051530838012695,-0.866040050983429,-0.4999745488166809,-0.9999999403953552,-0.00003409385681152344,-0.0002619028091430664,0.00020976364612579346,0.4999745488166809,-0.8660399913787842)}
partData[15]={size=Vector3.new(0.4000000059604645,0.30000001192092896,0.30000001192092896),color=Color3.new(0.33725491166114807,0.25882354378700256,0.21176470816135406),name="Foot",trans=0,reflect=0,collide=true,anchored=true,material=Enum.Material.Wood}
partDefs[16]={shape="Normal",cframe=CFrame.new(-4.704216003417969,13.997983932495117,55.91965866088867,0.8660072684288025,-0.0002337903861189261,0.5000314116477966,0.00009973063424695283,0.9999999403953552,0.0002948273322544992,-0.5000314116477966,-0.00020545416919048876,0.8660072088241577)}
partData[16]={size=Vector3.new(5,20,4),color=Color3.new(0.6235294342041016,0.6313725709915161,0.6745098233222961),name="Part5",trans=0,reflect=0,collide=true,anchored=true,material=Enum.Material.Metal}
partDefs[17]={shape="Normal",cframe=CFrame.new(-26.2017822265625,33.48524475097656,18.683551788330078,0.8660072684288025,-0.0002337903861189261,0.5000314116477966,0.00009973063424695283,0.9999999403953552,0.0002948273322544992,-0.5000314116477966,-0.00020545416919048876,0.8660072088241577)}
partData[17]={size=Vector3.new(5,3,82),color=Color3.new(0.6235294342041016,0.6313725709915161,0.6745098233222961),name="Part80",trans=0,reflect=0,collide=true,anchored=true,material=Enum.Material.Metal}
partDefs[18]={shape="Normal",cframe=CFrame.new(29.231576919555664,32.18683624267578,-33.153629302978516,0.49995940923690796,-0.00018110538076143712,-0.8660488128662109,0.00026743090711534023,0.9999999403953552,-0.00005473221972351894,0.8660488128662109,-0.0002042443084064871,0.49995946884155273)}
partData[18]={size=Vector3.new(3,0.4000000059604645,3),color=Color3.new(0.6392157077789307,0.6352941393852234,0.6470588445663452),name="Part3",trans=0,reflect=0,collide=true,anchored=true,material=Enum.Material.Plastic}
partDefs[19]={shape="Normal",cframe=CFrame.new(29.231372833251953,33.18671417236328,-33.15378189086914,0.49995940923690796,-0.00018110538076143712,-0.8660488128662109,0.00026743090711534023,0.9999999403953552,-0.00005473221972351894,0.8660488128662109,-0.0002042443084064871,0.49995946884155273)}
partData[19]={size=Vector3.new(1,1.600000023841858,1),color=Color3.new(0.6392157077789307,0.6352941393852234,0.6470588445663452),name="Part2",trans=0,reflect=0,collide=true,anchored=true,material=Enum.Material.Plastic}
partDefs[20]={shape="Normal",cframe=CFrame.new(27.498794555664062,36.78649139404297,-32.1544075012207,-0.49995946884155273,-0.00018110538076143712,0.8660488128662109,-0.00026743090711534023,0.9999999403953552,0.00005473221972351894,-0.8660488128662109,-0.0002042443084064871,-0.49995946884155273)}
partData[20]={size=Vector3.new(3,4.800000190734863,1),color=Color3.new(0.6392157077789307,0.6352941393852234,0.6470588445663452),name="Smooth Block Model",trans=0,reflect=0,collide=true,anchored=true,material=Enum.Material.Plastic}
partDefs[21]={shape="Seat",cframe=CFrame.new(29.231130599975586,34.58667755126953,-33.15404510498047,0.49995940923690796,-0.00018110538076143712,-0.8660488128662109,0.00026743090711534023,0.9999999403953552,-0.00005473221972351894,0.8660488128662109,-0.0002042443084064871,0.49995946884155273)}
partData[21]={size=Vector3.new(3,0.4000000059604645,3),color=Color3.new(0.6392157077789307,0.6352941393852234,0.6470588445663452),name="Seat",trans=1,reflect=0,collide=true,anchored=true,material=Enum.Material.Plastic}
partDefs[22]={shape="Normal",cframe=CFrame.new(28.798215866088867,34.18660354614258,-32.90401840209961,0.49995940923690796,-0.00018110538076143712,-0.8660488128662109,0.00026743090711534023,0.9999999403953552,-0.00005473221972351894,0.8660488128662109,-0.0002042443084064871,0.49995946884155273)}
partData[22]={size=Vector3.new(3,0.4000000059604645,4),color=Color3.new(0.6392157077789307,0.6352941393852234,0.6470588445663452),name="Part",trans=0,reflect=0,collide=true,anchored=true,material=Enum.Material.Plastic}
partDefs[23]={shape="Normal",cframe=CFrame.new(112.37065124511719,2.503284454345703,-31.299163818359375,0.8660072684288025,-0.0002337903861189261,0.5000314116477966,0.00009973063424695283,0.9999999403953552,0.0002948273322544992,-0.5000314116477966,-0.00020545416919048876,0.8660072088241577)}
partData[23]={size=Vector3.new(5,3,134),color=Color3.new(0.6235294342041016,0.6313725709915161,0.6745098233222961),name="Part19",trans=0,reflect=0,collide=true,anchored=true,material=Enum.Material.Metal}
partDefs[24]={shape="Normal",cframe=CFrame.new(11.032524108886719,0.984832763671875,-32.82676696777344,-0.49995946884155273,-0.00018110538076143712,0.8660488128662109,-0.00026743090711534023,0.9999999403953552,0.00005473221972351894,-0.8660488128662109,-0.0002042443084064871,-0.49995946884155273)}
partData[24]={size=Vector3.new(20,2,1),color=Color3.new(0.6235294342041016,0.6313725709915161,0.6745098233222961),name="Part54",trans=0,reflect=0,collide=true,anchored=true,material=Enum.Material.Metal}
partDefs[25]={shape="Normal",cframe=CFrame.new(-1.9600486755371094,15.982664108276367,-25.330263137817383,-0.49995946884155273,-0.00018110538076143712,0.8660488128662109,-0.00026743090711534023,0.9999999403953552,0.00005473221972351894,-0.8660488128662109,-0.0002042443084064871,-0.49995946884155273)}
partData[25]={size=Vector3.new(20,2,1),color=Color3.new(0.6235294342041016,0.6313725709915161,0.6745098233222961),name="Part83",trans=0,reflect=0,collide=true,anchored=true,material=Enum.Material.Metal}
partDefs[26]={shape="Normal",cframe=CFrame.new(63.006622314453125,32.18950653076172,-52.65359878540039,-0.49995946884155273,-0.00018110538076143712,0.8660488128662109,-0.00026743090711534023,0.9999999403953552,0.00005473221972351894,-0.8660488128662109,-0.0002042443084064871,-0.49995946884155273)}
partData[26]={size=Vector3.new(3,0.4000000059604645,3),color=Color3.new(0.6392157077789307,0.6352941393852234,0.6470588445663452),name="Part3",trans=0,reflect=0,collide=true,anchored=true,material=Enum.Material.Plastic}
partDefs[27]={shape="Normal",cframe=CFrame.new(63.00640869140625,33.18938446044922,-52.6538200378418,-0.49995946884155273,-0.00018110538076143712,0.8660488128662109,-0.00026743090711534023,0.9999999403953552,0.00005473221972351894,-0.8660488128662109,-0.0002042443084064871,-0.49995946884155273)}
partData[27]={size=Vector3.new(1,1.600000023841858,1),color=Color3.new(0.6392157077789307,0.6352941393852234,0.6470588445663452),name="Part2",trans=0,reflect=0,collide=true,anchored=true,material=Enum.Material.Plastic}
partDefs[28]={shape="Normal",cframe=CFrame.new(64.73783874511719,36.78949737548828,-53.65448760986328,0.49995940923690796,-0.00018110538076143712,-0.8660488128662109,0.00026743090711534023,0.9999999403953552,-0.00005473221972351894,0.8660488128662109,-0.0002042443084064871,0.49995946884155273)}
partData[28]={size=Vector3.new(3,4.800000190734863,1),color=Color3.new(0.6392157077789307,0.6352941393852234,0.6470588445663452),name="Smooth Block Model",trans=0,reflect=0,collide=true,anchored=true,material=Enum.Material.Plastic}
partDefs[29]={shape="Seat",cframe=CFrame.new(63.00611114501953,34.58934783935547,-52.654056549072266,-0.49995946884155273,-0.00018110538076143712,0.8660488128662109,-0.00026743090711534023,0.9999999403953552,0.00005473221972351894,-0.8660488128662109,-0.0002042443084064871,-0.49995946884155273)}
partData[29]={size=Vector3.new(3,0.4000000059604645,3),color=Color3.new(0.6392157077789307,0.6352941393852234,0.6470588445663452),name="Seat",trans=1,reflect=0,collide=true,anchored=true,material=Enum.Material.Plastic}
partDefs[30]={shape="Normal",cframe=CFrame.new(63.43921661376953,34.18949508666992,-52.90399169921875,-0.49995946884155273,-0.00018110538076143712,0.8660488128662109,-0.00026743090711534023,0.9999999403953552,0.00005473221972351894,-0.8660488128662109,-0.0002042443084064871,-0.49995946884155273)}
partData[30]={size=Vector3.new(3,0.4000000059604645,4),color=Color3.new(0.6392157077789307,0.6352941393852234,0.6470588445663452),name="Part",trans=0,reflect=0,collide=true,anchored=true,material=Enum.Material.Plastic}
partDefs[31]={shape="Normal",cframe=CFrame.new(-11.488029479980469,26.9813232421875,-19.83284568786621,-0.49995946884155273,-0.00018110538076143712,0.8660488128662109,-0.00026743090711534023,0.9999999403953552,0.00005473221972351894,-0.8660488128662109,-0.0002042443084064871,-0.49995946884155273)}
partData[31]={size=Vector3.new(20,2,1),color=Color3.new(0.6235294342041016,0.6313725709915161,0.6745098233222961),name="Part71",trans=0,reflect=0,collide=true,anchored=true,material=Enum.Material.Metal}
partDefs[32]={shape="Normal",cframe=CFrame.new(91.01371765136719,33.9958610534668,-36.289852142333984,-0.49995946884155273,-0.0002042443084064871,0.8660488128662109,0.00005473221972351894,0.9999999403953552,0.00026743090711534023,-0.8660488128662109,0.00018110538076143712,-0.49995946884155273)}
partData[32]={size=Vector3.new(2,4,5),color=Color3.new(0.6235294342041016,0.6313725709915161,0.6745098233222961),name="Part24",trans=0,reflect=0,collide=true,anchored=true,material=Enum.Material.Metal}
partDefs[33]={shape="Normal",cframe=CFrame.new(12.79854965209961,32.20290756225586,72.68063354492188,0.00016051530838012695,0.866040050983429,0.4999745488166809,-0.9999999403953552,0.00003409385681152344,0.0002619028091430664,0.00020976364612579346,-0.4999745488166809,0.866040050983429)}
partData[33]={size=Vector3.new(0.4000000059604645,0.30000001192092896,0.30000001192092896),color=Color3.new(0.33725491166114807,0.25882354378700256,0.21176470816135406),name="Foot",trans=0,reflect=0,collide=true,anchored=true,material=Enum.Material.Wood}
partDefs[34]={shape="Normal",cframe=CFrame.new(7.3534393310546875,35.80143737792969,70.0498275756836,0.8660401105880737,0.4999745190143585,0.00017555058002471924,0.000060230493545532227,0.0002468228340148926,-0.9999999403953552,-0.4999745488166809,0.866040050983429,0.00018364191055297852)}
partData[34]={size=Vector3.new(0.4000000059604645,9.600000381469727,0.3999998867511749),color=Color3.new(0.5882353186607361,0.3333333432674408,0.3333333432674408),name="Part",trans=0,reflect=0,collide=true,anchored=true,material=Enum.Material.Sand}
partDefs[35]={shape="Normal",cframe=CFrame.new(10.027297973632812,32.2026481628418,74.28064727783203,0.00016051530838012695,0.866040050983429,0.4999745488166809,-0.9999999403953552,0.00003409385681152344,0.0002619028091430664,0.00020976364612579346,-0.4999745488166809,0.866040050983429)}
partData[35]={size=Vector3.new(0.4000000059604645,0.30000001192092896,0.30000001192092896),color=Color3.new(0.33725491166114807,0.25882354378700256,0.21176470816135406),name="Foot",trans=0,reflect=0,collide=true,anchored=true,material=Enum.Material.Wood}
partDefs[36]={shape="Normal",cframe=CFrame.new(9.172721862792969,32.60157012939453,69.0003890991211,0.8660072684288025,-0.0002337903861189261,0.5000314116477966,0.00009973063424695283,0.9999999403953552,0.0002948273322544992,-0.5000314116477966,-0.00020545416919048876,0.8660072088241577)}
partData[36]={size=Vector3.new(3.4000000953674316,0.4000000059604645,9.600000381469727),color=Color3.new(0.5882353186607361,0.3333333432674408,0.3333333432674408),name="Part4",trans=0,reflect=0,collide=true,anchored=true,material=Enum.Material.Sand}
partDefs[37]={shape="Normal",cframe=CFrame.new(8.046516418457031,34.40142822265625,69.65008544921875,0.49995940923690796,-0.00018110538076143712,-0.8660488128662109,0.00026743090711534023,0.9999999403953552,-0.00005473221972351894,0.8660488128662109,-0.0002042443084064871,0.49995946884155273)}
partData[37]={size=Vector3.new(9.600027084350586,3.200000762939453,0.7999940514564514),color=Color3.new(0.5882353186607361,0.3333333432674408,0.3333333432674408),name="Union",trans=0,reflect=0,collide=true,anchored=true,material=Enum.Material.Sand}
partDefs[38]={shape="Normal",cframe=CFrame.new(7.440204620361328,34.10143280029297,70.00012969970703,0.8660072684288025,-0.0002337903861189261,0.5000314116477966,0.00009973063424695283,0.9999999403953552,0.0002948273322544992,-0.5000314116477966,-0.00020545416919048876,0.8660072088241577)}
partData[38]={size=Vector3.new(0.5999998450279236,3.4000000953674316,9.600000381469727),color=Color3.new(0.5882353186607361,0.3333333432674408,0.3333333432674408),name="Part2",trans=0,reflect=0,collide=true,anchored=true,material=Enum.Material.Sand}
partDefs[39]={shape="Seat",cframe=CFrame.new(9.172554016113281,33.10157012939453,69.0003890991211,0.49995940923690796,-0.00018110538076143712,-0.8660488128662109,0.00026743090711534023,0.9999999403953552,-0.00005473221972351894,0.8660488128662109,-0.0002042443084064871,0.49995946884155273)}
partData[39]={size=Vector3.new(2.4000000953674316,0.6000000238418579,1.7999999523162842),color=Color3.new(0.10588235408067703,0.16470588743686676,0.2078431397676468),name="Seat2",trans=1,reflect=0,collide=true,anchored=true,material=Enum.Material.Plastic}
partDefs[40]={shape="Seat",cframe=CFrame.new(7.372520446777344,33.10063171386719,65.88270568847656,0.49995940923690796,-0.00018110538076143712,-0.8660488128662109,0.00026743090711534023,0.9999999403953552,-0.00005473221972351894,0.8660488128662109,-0.0002042443084064871,0.49995946884155273)}
partData[40]={size=Vector3.new(2.4000000953674316,0.6000000238418579,1.7999999523162842),color=Color3.new(0.10588235408067703,0.16470588743686676,0.2078431397676468),name="Seat3",trans=1,reflect=0,collide=true,anchored=true,material=Enum.Material.Plastic}
partDefs[41]={shape="Normal",cframe=CFrame.new(7.526828765869141,35.201419830322266,69.949951171875,0.8660072684288025,-0.0002337903861189261,0.5000314116477966,0.00009973063424695283,0.9999999403953552,0.0002948273322544992,-0.5000314116477966,-0.00020545416919048876,0.8660072088241577)}
partData[41]={size=Vector3.new(0.3999999165534973,1.600000023841858,9.600000381469727),color=Color3.new(0.5882353186607361,0.3333333432674408,0.3333333432674408),name="Part3",trans=0,reflect=0,collide=true,anchored=true,material=Enum.Material.Sand}
partDefs[42]={shape="Seat",cframe=CFrame.new(10.972526550292969,33.10251235961914,72.1180648803711,0.49995940923690796,-0.00018110538076143712,-0.8660488128662109,0.00026743090711534023,0.9999999403953552,-0.00005473221972351894,0.8660488128662109,-0.0002042443084064871,0.49995946884155273)}
partData[42]={size=Vector3.new(2.4000000953674316,0.6000000238418579,1.7999999523162842),color=Color3.new(0.10588235408067703,0.16470588743686676,0.2078431397676468),name="Seat",trans=1,reflect=0,collide=true,anchored=true,material=Enum.Material.Plastic}
partDefs[43]={shape="Normal",cframe=CFrame.new(6.362571716308594,34.2001953125,64.73342895507812,0.8660072684288025,-0.0002337903861189261,0.5000314116477966,0.00009973063424695283,0.9999999403953552,0.0002948273322544992,-0.5000314116477966,-0.00020545416919048876,0.8660072088241577)}
partData[43]={size=Vector3.new(4.000001907348633,3.59999942779541,0.60006183385849),color=Color3.new(0.5882353186607361,0.3333333432674408,0.3333333432674408),name="Union",trans=0,reflect=0,collide=true,anchored=true,material=Enum.Material.Sand}
partDefs[44]={shape="Normal",cframe=CFrame.new(11.462581634521484,34.20283889770508,73.56689453125,0.8660072684288025,-0.0002337903861189261,0.5000314116477966,0.00009973063424695283,0.9999999403953552,0.0002948273322544992,-0.5000314116477966,-0.00020545416919048876,0.8660072088241577)}
partData[44]={size=Vector3.new(4.000001907348633,3.59999942779541,0.60006183385849),color=Color3.new(0.5882353186607361,0.3333333432674408,0.3333333432674408),name="Union",trans=0,reflect=0,collide=true,anchored=true,material=Enum.Material.Sand}
partDefs[45]={shape="Normal",cframe=CFrame.new(9.345695495605469,33.101593017578125,68.90030670166016,0.8660072684288025,-0.0002337903861189261,0.5000314116477966,0.00009973063424695283,0.9999999403953552,0.0002948273322544992,-0.5000314116477966,-0.00020545416919048876,0.8660072088241577)}
partData[45]={size=Vector3.new(3.0000014305114746,0.6000020503997803,9.600000381469727),color=Color3.new(0.5882353186607361,0.3333333432674408,0.3333333432674408),name="Union",trans=0,reflect=0,collide=true,anchored=true,material=Enum.Material.Sand}
partDefs[46]={shape="Normal",cframe=CFrame.new(5.027378082275391,32.20012664794922,65.62034606933594,0.00016051530838012695,0.866040050983429,0.4999745488166809,-0.9999999403953552,0.00003409385681152344,0.0002619028091430664,0.00020976364612579346,-0.4999745488166809,0.866040050983429)}
partData[46]={size=Vector3.new(0.4000000059604645,0.30000001192092896,0.30000001192092896),color=Color3.new(0.33725491166114807,0.25882354378700256,0.21176470816135406),name="Foot",trans=0,reflect=0,collide=true,anchored=true,material=Enum.Material.Wood}
partDefs[47]={shape="Normal",cframe=CFrame.new(7.798591613769531,32.20032501220703,64.0203857421875,0.00016051530838012695,0.866040050983429,0.4999745488166809,-0.9999999403953552,0.00003409385681152344,0.0002619028091430664,0.00020976364612579346,-0.4999745488166809,0.866040050983429)}
partData[47]={size=Vector3.new(0.4000000059604645,0.30000001192092896,0.30000001192092896),color=Color3.new(0.33725491166114807,0.25882354378700256,0.21176470816135406),name="Foot",trans=0,reflect=0,collide=true,anchored=true,material=Enum.Material.Wood}
partDefs[48]={shape="Normal",cframe=CFrame.new(25.002639770507812,4.00575065612793,60.517723083496094,0.8660072684288025,-0.0002114470989909023,0.5000314116477966,0.00012207392137497663,0.9999999403953552,0.0002114470989909023,-0.5000314116477966,-0.00012207392137497663,0.8660072684288025)}
partData[48]={size=Vector3.new(2,2,1),color=Color3.new(0.29411765933036804,0.5921568870544434,0.29411765933036804),name="Torso",trans=0,reflect=0,collide=true,anchored=true,material=Enum.Material.Plastic}
partDefs[49]={shape="Normal",cframe=CFrame.new(26.301525115966797,4.005899429321289,59.767642974853516,0.8660072684288025,-0.0002114470989909023,0.5000314116477966,0.00012207392137497663,0.9999999403953552,0.0002114470989909023,-0.5000314116477966,-0.00012207392137497663,0.8660072684288025)}
partData[49]={size=Vector3.new(1,2,1),color=Color3.new(0.6392157077789307,0.6352941393852234,0.6470588445663452),name="Right Arm",trans=0,reflect=0,collide=true,anchored=true,material=Enum.Material.Plastic}
partDefs[50]={shape="Normal",cframe=CFrame.new(25.002254486083984,5.50575065612793,60.51747512817383,0.8660072684288025,-0.0002337903861189261,0.5000314116477966,0.00009973063424695283,0.9999999403953552,0.0002948273322544992,-0.5000314116477966,-0.00020545416919048876,0.8660072088241577)}
partData[50]={size=Vector3.new(2,1,1),color=Color3.new(0.6392157077789307,0.6352941393852234,0.6470588445663452),name="Head",trans=0,reflect=0,collide=true,anchored=true,material=Enum.Material.Plastic}
partDefs[51]={shape="Normal",cframe=CFrame.new(25.002174377441406,5.60578727722168,60.51748275756836,0.8660072684288025,-0.0002337903861189261,0.5000314116477966,0.00009973063424695283,0.9999999403953552,0.0002948273322544992,-0.5000314116477966,-0.00020545416919048876,0.8660072088241577)}
partData[51]={size=Vector3.new(3,2,2),color=Color3.new(0.6392157077789307,0.6352941393852234,0.6470588445663452),name="Handle",trans=0,reflect=0,collide=false,anchored=true,material=Enum.Material.Plastic}
partDefs[52]={shape="Normal",cframe=CFrame.new(25.43606185913086,2.005861282348633,60.26797103881836,0.8660072684288025,-0.0002114470989909023,0.5000314116477966,0.00012207392137497663,0.9999999403953552,0.0002114470989909023,-0.5000314116477966,-0.00012207392137497663,0.8660072684288025)}
partData[52]={size=Vector3.new(1,2,1),color=Color3.new(0.4313725531101227,0.6000000238418579,0.7921568751335144),name="Right Leg",trans=0,reflect=0,collide=true,anchored=true,material=Enum.Material.Plastic}
partDefs[53]={shape="Normal",cframe=CFrame.new(23.70355987548828,4.0056610107421875,61.26777267456055,0.8660072684288025,-0.0002114470989909023,0.5000314116477966,0.00012207392137497663,0.9999999403953552,0.0002114470989909023,-0.5000314116477966,-0.00012207392137497663,0.8660072684288025)}
partData[53]={size=Vector3.new(1,2,1),color=Color3.new(0.6392157077789307,0.6352941393852234,0.6470588445663452),name="Left Arm",trans=0,reflect=0,collide=true,anchored=true,material=Enum.Material.Plastic}
partDefs[54]={shape="Normal",cframe=CFrame.new(24.570022583007812,2.0057621002197266,60.76795196533203,0.8660072684288025,-0.0002114470989909023,0.5000314116477966,0.00012207392137497663,0.9999999403953552,0.0002114470989909023,-0.5000314116477966,-0.00012207392137497663,0.8660072684288025)}
partData[54]={size=Vector3.new(1,2,1),color=Color3.new(0.4313725531101227,0.6000000238418579,0.7921568751335144),name="Left Leg",trans=0,reflect=0,collide=true,anchored=true,material=Enum.Material.Plastic}
partDefs[55]={shape="Normal",cframe=CFrame.new(4.103221893310547,8.983667373657227,-28.828662872314453,-0.49995946884155273,-0.00018110538076143712,0.8660488128662109,-0.00026743090711534023,0.9999999403953552,0.00005473221972351894,-0.8660488128662109,-0.0002042443084064871,-0.49995946884155273)}
partData[55]={size=Vector3.new(20,2,1),color=Color3.new(0.6235294342041016,0.6313725709915161,0.6745098233222961),name="Part20",trans=0,reflect=0,collide=true,anchored=true,material=Enum.Material.Metal}
partDefs[56]={shape="Normal",cframe=CFrame.new(-9.755706787109375,24.981521606445312,-20.832406997680664,-0.49995946884155273,-0.00018110538076143712,0.8660488128662109,-0.00026743090711534023,0.9999999403953552,0.00005473221972351894,-0.8660488128662109,-0.0002042443084064871,-0.49995946884155273)}
partData[56]={size=Vector3.new(20,2,1),color=Color3.new(0.6235294342041016,0.6313725709915161,0.6745098233222961),name="Part40",trans=0,reflect=0,collide=true,anchored=true,material=Enum.Material.Metal}
partDefs[57]={shape="Normal",cframe=CFrame.new(112.37067413330078,25.502979278564453,-31.299118041992188,0.8660072684288025,-0.0002337903861189261,0.5000314116477966,0.00009973063424695283,0.9999999403953552,0.0002948273322544992,-0.5000314116477966,-0.00020545416919048876,0.8660072088241577)}
partData[57]={size=Vector3.new(5,3,134),color=Color3.new(0.6235294342041016,0.6313725709915161,0.6745098233222961),name="Part35",trans=0,reflect=0,collide=true,anchored=true,material=Enum.Material.Metal}
partDefs[58]={shape="Normal",cframe=CFrame.new(-26.20154571533203,56.48518753051758,18.683483123779297,0.8660072684288025,-0.0002337903861189261,0.5000314116477966,0.00009973063424695283,0.9999999403953552,0.0002948273322544992,-0.5000314116477966,-0.00020545416919048876,0.8660072088241577)}
partData[58]={size=Vector3.new(5,3,82),color=Color3.new(0.6235294342041016,0.6313725709915161,0.6745098233222961),name="Part33",trans=0,reflect=0,collide=true,anchored=true,material=Enum.Material.Metal}
partDefs[59]={shape="Normal",cframe=CFrame.new(98.44657897949219,1.200286865234375,-42.5770149230957,0.00016051530838012695,-0.866040050983429,-0.4999745488166809,-0.9999999403953552,-0.00003409385681152344,-0.0002619028091430664,0.00020976364612579346,0.4999745488166809,-0.8660399913787842)}
partData[59]={size=Vector3.new(0.4000000059604645,0.30000001192092896,0.30000001192092896),color=Color3.new(0.33725491166114807,0.25882354378700256,0.21176470816135406),name="Foot",trans=0,reflect=0,collide=true,anchored=true,material=Enum.Material.Wood}
partDefs[60]={shape="Normal",cframe=CFrame.new(103.89032745361328,4.80177116394043,-39.947509765625,-0.8660399913787842,-0.4999745190143585,0.00017555058002471924,-0.000060230493545532227,-0.0002467632293701172,-0.9999999403953552,0.4999745488166809,-0.866040050983429,0.00018364191055297852)}
partData[60]={size=Vector3.new(0.4000000059604645,9.600000381469727,0.3999998867511749),color=Color3.new(0.5882353186607361,0.3333333432674408,0.3333333432674408),name="Part",trans=0,reflect=0,collide=true,anchored=true,material=Enum.Material.Sand}
partDefs[61]={shape="Normal",cframe=CFrame.new(101.21775817871094,1.2004222869873047,-44.176979064941406,0.00016051530838012695,-0.866040050983429,-0.4999745488166809,-0.9999999403953552,-0.00003409385681152344,-0.0002619028091430664,0.00020976364612579346,0.4999745488166809,-0.8660399913787842)}
partData[61]={size=Vector3.new(0.4000000059604645,0.30000001192092896,0.30000001192092896),color=Color3.new(0.33725491166114807,0.25882354378700256,0.21176470816135406),name="Foot",trans=0,reflect=0,collide=true,anchored=true,material=Enum.Material.Wood}
partDefs[62]={shape="Normal",cframe=CFrame.new(102.07228088378906,1.6015491485595703,-38.8969612121582,-0.8660072088241577,-0.0002337903861189261,-0.5000314116477966,-0.00009973063424695283,0.9999999403953552,-0.0002948273322544992,0.5000314116477966,-0.00020545416919048876,-0.8660072088241577)}
partData[62]={size=Vector3.new(3.4000000953674316,0.4000000059604645,9.600000381469727),color=Color3.new(0.5882353186607361,0.3333333432674408,0.3333333432674408),name="Part4",trans=0,reflect=0,collide=true,anchored=true,material=Enum.Material.Sand}
partDefs[63]={shape="Normal",cframe=CFrame.new(103.19778442382812,3.4017276763916016,-39.547264099121094,-0.49995946884155273,-0.00018110538076143712,0.8660488128662109,-0.00026743090711534023,0.9999999403953552,0.00005473221972351894,-0.8660488128662109,-0.0002042443084064871,-0.49995946884155273)}
partData[63]={size=Vector3.new(9.600027084350586,3.200000762939453,0.7999940514564514),color=Color3.new(0.5882353186607361,0.3333333432674408,0.3333333432674408),name="Union",trans=0,reflect=0,collide=true,anchored=true,material=Enum.Material.Sand}
partDefs[64]={shape="Normal",cframe=CFrame.new(103.80406188964844,3.1016273498535156,-39.89719009399414,-0.8660072088241577,-0.0002337903861189261,-0.5000314116477966,-0.00009973063424695283,0.9999999403953552,-0.0002948273322544992,0.5000314116477966,-0.00020545416919048876,-0.8660072088241577)}
partData[64]={size=Vector3.new(0.5999998450279236,3.4000000953674316,9.600000381469727),color=Color3.new(0.5882353186607361,0.3333333432674408,0.3333333432674408),name="Part2",trans=0,reflect=0,collide=true,anchored=true,material=Enum.Material.Sand}
partDefs[65]={shape="Seat",cframe=CFrame.new(102.07215881347656,2.1015491485595703,-38.89695358276367,-0.49995946884155273,-0.00018110538076143712,0.8660488128662109,-0.00026743090711534023,0.9999999403953552,0.00005473221972351894,-0.8660488128662109,-0.0002042443084064871,-0.49995946884155273)}
partData[65]={size=Vector3.new(2.4000000953674316,0.6000000238418579,1.7999999523162842),color=Color3.new(0.10588235408067703,0.16470588743686676,0.2078431397676468),name="Seat2",trans=1,reflect=0,collide=true,anchored=true,material=Enum.Material.Plastic}
partDefs[66]={shape="Seat",cframe=CFrame.new(103.87210083007812,2.102487564086914,-35.779258728027344,-0.49995946884155273,-0.00018110538076143712,0.8660488128662109,-0.00026743090711534023,0.9999999403953552,0.00005473221972351894,-0.8660488128662109,-0.0002042443084064871,-0.49995946884155273)}
partData[66]={size=Vector3.new(2.4000000953674316,0.6000000238418579,1.7999999523162842),color=Color3.new(0.10588235408067703,0.16470588743686676,0.2078431397676468),name="Seat3",trans=1,reflect=0,collide=true,anchored=true,material=Enum.Material.Plastic}
partDefs[67]={shape="Normal",cframe=CFrame.new(103.71724700927734,4.201713562011719,-39.847442626953125,-0.8660072088241577,-0.0002337903861189261,-0.5000314116477966,-0.00009973063424695283,0.9999999403953552,-0.0002948273322544992,0.5000314116477966,-0.00020545416919048876,-0.8660072088241577)}
partData[67]={size=Vector3.new(0.3999999165534973,1.600000023841858,9.600000381469727),color=Color3.new(0.5882353186607361,0.3333333432674408,0.3333333432674408),name="Part3",trans=0,reflect=0,collide=true,anchored=true,material=Enum.Material.Sand}
partDefs[68]={shape="Seat",cframe=CFrame.new(100.27217102050781,2.1006698608398438,-42.01466369628906,-0.49995946884155273,-0.00018110538076143712,0.8660488128662109,-0.00026743090711534023,0.9999999403953552,0.00005473221972351894,-0.8660488128662109,-0.0002042443084064871,-0.49995946884155273)}
partData[68]={size=Vector3.new(2.4000000953674316,0.6000000238418579,1.7999999523162842),color=Color3.new(0.10588235408067703,0.16470588743686676,0.2078431397676468),name="Seat",trans=1,reflect=0,collide=true,anchored=true,material=Enum.Material.Plastic}
partDefs[69]={shape="Normal",cframe=CFrame.new(104.8818359375,3.2029361724853516,-34.63050079345703,-0.8660072088241577,-0.0002337903861189261,-0.5000314116477966,-0.00009973063424695283,0.9999999403953552,-0.0002948273322544992,0.5000314116477966,-0.00020545416919048876,-0.8660072088241577)}
partData[69]={size=Vector3.new(4.000001907348633,3.59999942779541,0.60006183385849),color=Color3.new(0.5882353186607361,0.3333333432674408,0.3333333432674408),name="Union",trans=0,reflect=0,collide=true,anchored=true,material=Enum.Material.Sand}
partDefs[70]={shape="Normal",cframe=CFrame.new(99.78182983398438,3.200357437133789,-43.46397018432617,-0.8660072088241577,-0.0002337903861189261,-0.5000314116477966,-0.00009973063424695283,0.9999999403953552,-0.0002948273322544992,0.5000314116477966,-0.00020545416919048876,-0.8660072088241577)}
partData[70]={size=Vector3.new(4.000001907348633,3.59999942779541,0.60006183385849),color=Color3.new(0.5882353186607361,0.3333333432674408,0.3333333432674408),name="Union",trans=0,reflect=0,collide=true,anchored=true,material=Enum.Material.Sand}
partDefs[71]={shape="Normal",cframe=CFrame.new(101.89899444580078,2.101530075073242,-38.79697036743164,-0.8660072088241577,-0.0002337903861189261,-0.5000314116477966,-0.00009973063424695283,0.9999999403953552,-0.0002948273322544992,0.5000314116477966,-0.00020545416919048876,-0.8660072088241577)}
partData[71]={size=Vector3.new(3.0000014305114746,0.6000020503997803,9.600000381469727),color=Color3.new(0.5882353186607361,0.3333333432674408,0.3333333432674408),name="Union",trans=0,reflect=0,collide=true,anchored=true,material=Enum.Material.Sand}
